exps pars vals velo_shuf_m velo_shuf_q025 velo_shuf_q075 velo_noshuf_m velo_noshuf_q025 velo_noshuf_q075 emi_mar_shuf_m emi_mar_shuf_q025 emi_mar_shuf_q075 emi_mar_noshuf_m emi_mar_noshuf_q025 emi_mar_noshuf_q075 velo_diff_m velo_diff_q025 velo_diff_q075 emi_diff_m emi_diff_q025 emi_diff_q075
1 K_150 K 150 0.340153452685422 0.287885934819897 0.368412438625205 0.406122448979592 0.384568250377074 0.423404255319149 0.3487525 0.2379755 0.4160725 0.4692485 0.40679825 0.5327785 0.168341708542714 0.0565326633165829 0.321608040201005 0.295278793259481 0.0417527814831103 0.544005856849633
2 K_50 K 50 0.155634987384357 0.135097954479977 0.17356276371308 0.241220981486923 0.223595505617978 0.258441558441558 0.103357 0.073703325 0.14733 0.3488565 0.295099 0.407788 0.365222577534135 0.251256281407035 0.425879396984925 0.708047313128002 0.463116692298255 0.78692535443254
3 lambda_15 lambda 1.5 0.127865365365365 0.117117387820513 0.139328221103922 0.17644595448799 0.163451768053109 0.185981308411215 0.09800425 0.072448475 0.1222305 0.2639035 0.221371 0.29690525 0.263819095477387 0.195979899497487 0.325376884422111 0.623656141665331 0.480149446999428 0.724657887033055
4 lambda_3 lambda 3 0.349094076655052 0.295059523809524 0.434169278996865 0.537837837837838 0.500689102564102 0.568571428571429 0.2119225 0.07581855 0.37446825 0.5620455 0.48345525 0.7135055 0.341708542713568 0.14572864321608 0.439698492462312 0.629668466172424 0.231624092449689 0.866179352706031
5 mu_015 mu 0.15 0.451717758985201 0.424309948246118 0.472826766729206 0.47958768873403 0.452272727272727 0.537837837837838 0.502694 0.382165 0.6062345 0.585599 0.498077 0.70697475 0.0527638190954773 0 0.141959798994975 0.124216746439672 -0.188201822687011 0.480295143524468
6 mu_03 mu 0.3 0.225534188034188 0.203035982008996 0.269275506812895 0.349122807017544 0.33728813559322 0.368518518518519 0.127882 0.0750393 0.24200975 0.434463 0.36434325 0.4831375 0.331658291457286 0.227386934673367 0.435929648241206 0.689466635744698 0.417840073905549 0.819407061695655
7 mu_045 mu 0.45 0.10848496835443 0.0917435368369948 0.122164566345441 0.236904761904762 0.216898590539895 0.255128205128205 0.0355574 0.0246817 0.047479425 0.2884145 0.2478755 0.356073 0.530150753768844 0.467336683417085 0.611809045226131 0.889456604855527 0.829345148601932 0.922090495915871
8 sigma_075 sigma 0.75 0.259767316017316 0.236483253588517 0.296071428571429 0.355357142857143 0.326229508196721 0.361818181818182 0.1701555 0.11653 0.29587225 0.429012 0.34811675 0.486541 0.268844221105528 0.136934673366834 0.32035175879397 0.571426571893301 0.293531210668211 0.719100968250155
9 sigma_025 sigma 0.25 0.212744124462099 0.19467958271237 0.25213405238829 0.349122807017544 0.326229508196721 0.366843434343434 0.09601445 0.065545425 0.22884125 0.416202 0.36945175 0.480926 0.391959798994975 0.255025125628141 0.459798994974874 0.789440852226667 0.515544539848948 0.847670484253413
